SIM : [ 
0.00,0.40,0.29,0.41,0.72,0.00,0.00,0.00,0.00,0.62,0.44,0.00,0.00,0.00,0.27,0.00,0.00,0.15,0.84,0.00,0.00,0.00,0.00,0.00,0.00,0.97,0.00,0.00,0.00,0.00,0.38,0.00,0.95,0.00,0.62,0.00,0.00,0.47,0.00,0.00
0.40,0.00,0.00,0.00,0.00,0.00,0.70,0.63,0.00,0.00,0.00,0.31,0.24,0.00,0.02,0.00,0.00,0.00,0.20,0.00,0.00,0.00,0.00,0.00,0.00,0.00,0.00,0.00,0.00,0.00,0.00,0.00,0.00,0.06,0.00,0.33,0.00,0.24,0.00,0.00
0.29,0.00,0.00,0.00,0.00,0.00,0.15,0.00,0.00,0.00,0.00,0.00,0.00,0.00,0.00,0.00,0.66,0.00,0.00,0.02,0.27,0.62,0.00,0.00,0.00,0.68,0.00,0.86,0.00,0.09,0.00,0.00,0.18,0.00,0.00,0.00,0.00,0.00,0.00,0.00
0.41,0.00,0.00,0.00,0.00,0.00,0.22,0.00,0.00,0.00,0.00,0.02,0.00,0.62,0.00,0.00,0.00,0.00,0.43,0.75,0.00,0.00,0.98,0.00,0.00,0.00,0.67,0.00,0.09,0.00,0.00,0.00,0.00,0.00,0.00,0.00,0.00,0.03,0.00,0.00
0.72,0.00,0.00,0.00,0.00,0.00,0.00,0.00,0.47,0.00,0.00,0.00,0.00,0.12,0.83,0.00,0.00,0.00,0.00,0.00,0.60,0.00,0.00,0.00,0.11,0.09,0.00,0.46,0.24,0.00,0.00,0.00,0.20,0.00,0.20,0.00,0.00,0.00,0.90,0.00
0.00,0.00,0.00,0.00,0.00,0.00,0.00,0.00,0.00,0.00,0.00,0.00,0.00,0.00,0.00,0.00,0.00,0.00,0.00,0.00,0.00,0.00,0.54,0.10,0.00,0.73,0.95,0.00,0.00,0.98,0.00,0.00,0.00,0.00,0.43,0.00,0.29,0.85,0.40,0.00
0.00,0.70,0.15,0.22,0.00,0.00,0.00,0.00,0.90,0.82,0.47,0.78,0.00,0.00,0.00,0.00,0.00,0.42,0.00,0.00,0.00,0.89,0.00,0.00,0.00,0.00,0.00,0.82,0.00,0.62,0.32,0.42,0.00,0.15,0.00,0.00,0.00,0.91,0.00,0.00
0.00,0.63,0.00,0.00,0.00,0.00,0.00,0.00,0.00,0.00,0.00,0.00,0.00,0.96,0.00,1.00,0.00,0.00,0.00,0.00,0.00,0.00,0.00,0.20,0.00,0.33,0.00,0.00,0.00,0.00,0.78,0.16,0.00,0.02,0.84,0.85,0.00,0.00,0.00,0.00
0.00,0.00,0.00,0.00,0.47,0.00,0.90,0.00,0.00,0.98,0.00,0.00,0.00,0.00,0.00,0.00,0.00,0.00,0.00,0.16,0.83,0.00,0.00,0.51,0.00,0.44,0.00,0.00,0.80,0.00,0.00,0.00,0.00,0.00,0.00,0.00,0.85,0.00,0.00,0.00
0.62,0.00,0.00,0.00,0.00,0.00,0.82,0.00,0.98,0.00,0.00,0.00,0.00,0.46,0.30,0.00,0.00,0.21,0.43,0.00,0.00,0.85,0.00,0.00,0.00,0.00,0.24,0.00,0.73,0.00,0.00,0.00,0.00,0.00,0.00,0.00,0.00,0.49,0.00,0.00
0.44,0.00,0.00,0.00,0.00,0.00,0.47,0.00,0.00,0.00,0.00,0.00,0.46,0.00,0.00,0.00,0.00,0.00,0.00,0.00,0.00,0.00,0.06,0.00,0.00,0.25,0.69,0.35,0.00,0.49,0.00,0.00,0.00,0.00,0.00,0.51,0.00,0.00,0.00,0.00
0.00,0.31,0.00,0.02,0.00,0.00,0.78,0.00,0.00,0.00,0.00,0.00,0.00,0.44,0.00,0.87,0.00,0.69,0.00,0.00,0.02,0.40,0.00,0.00,0.00,0.00,0.00,0.00,0.60,0.00,0.00,0.00,0.00,0.00,0.00,0.00,0.00,0.38,0.00,0.00
0.00,0.24,0.00,0.00,0.00,0.00,0.00,0.00,0.00,0.00,0.46,0.00,0.00,0.00,0.00,0.66,0.00,0.00,0.00,0.62,0.00,0.00,0.12,0.00,0.89,0.00,0.85,0.00,0.00,0.00,0.00,0.00,0.00,0.03,0.00,0.00,0.00,0.00,0.00,0.00
0.00,0.00,0.00,0.62,0.12,0.00,0.00,0.96,0.00,0.46,0.00,0.44,0.00,0.00,0.00,0.00,0.00,0.00,0.00,0.00,0.00,0.46,0.00,0.00,0.00,0.00,0.00,0.00,0.00,0.00,0.00,0.53,0.00,0.00,0.25,0.82,0.00,0.00,0.14,0.00
0.27,0.02,0.00,0.00,0.83,0.00,0.00,0.00,0.00,0.30,0.00,0.00,0.00,0.00,0.00,0.00,0.00,0.00,0.00,0.36,0.00,0.00,0.00,0.00,0.00,0.00,0.00,0.00,0.00,0.00,0.00,0.00,0.94,0.00,0.00,0.37,0.69,0.00,0.00,0.00
0.00,0.00,0.00,0.00,0.00,0.00,0.00,1.00,0.00,0.00,0.00,0.87,0.66,0.00,0.00,0.00,0.58,0.00,0.00,0.00,0.00,0.00,0.00,0.00,0.00,0.00,0.00,0.89,0.00,0.00,0.59,0.55,0.63,0.00,0.00,0.52,0.82,0.00,0.00,0.00
0.00,0.00,0.66,0.00,0.00,0.00,0.00,0.00,0.00,0.00,0.00,0.00,0.00,0.00,0.00,0.58,0.00,0.00,0.00,0.00,0.49,0.00,0.35,0.00,0.00,0.00,0.00,0.00,0.00,0.00,0.91,0.46,0.00,0.13,0.00,0.00,0.00,0.00,0.00,0.00
0.15,0.00,0.00,0.00,0.00,0.00,0.42,0.00,0.00,0.21,0.00,0.69,0.00,0.00,0.00,0.00,0.00,0.00,0.00,0.00,0.00,0.00,0.67,0.00,0.00,0.00,0.00,0.00,0.00,0.04,0.00,0.00,0.00,0.00,0.00,0.55,0.61,0.00,0.00,0.00
0.84,0.20,0.00,0.43,0.00,0.00,0.00,0.00,0.00,0.43,0.00,0.00,0.00,0.00,0.00,0.00,0.00,0.00,0.00,0.00,0.00,0.00,0.00,0.02,0.78,0.00,0.00,0.00,0.00,0.36,0.00,0.00,0.20,0.00,0.00,0.00,0.00,0.00,0.92,0.30
0.00,0.00,0.02,0.75,0.00,0.00,0.00,0.00,0.16,0.00,0.00,0.00,0.62,0.00,0.36,0.00,0.00,0.00,0.00,0.00,0.84,0.00,0.55,0.00,0.00,0.00,0.15,0.00,0.74,0.00,0.00,0.53,0.00,0.58,0.00,0.00,0.10,0.30,0.00,0.00
0.00,0.00,0.27,0.00,0.60,0.00,0.00,0.00,0.83,0.00,0.00,0.02,0.00,0.00,0.00,0.00,0.49,0.00,0.00,0.84,0.00,0.32,0.00,0.00,0.00,0.00,0.85,0.97,0.00,0.00,0.00,0.86,0.00,0.81,0.00,0.00,0.00,0.00,0.00,0.00
0.00,0.00,0.62,0.00,0.00,0.00,0.89,0.00,0.00,0.85,0.00,0.40,0.00,0.46,0.00,0.00,0.00,0.00,0.00,0.00,0.32,0.00,0.21,0.00,0.00,0.00,0.00,0.00,0.00,0.00,0.00,0.70,0.00,0.00,0.00,0.00,0.00,0.00,0.00,0.00
0.00,0.00,0.00,0.98,0.00,0.54,0.00,0.00,0.00,0.00,0.06,0.00,0.12,0.00,0.00,0.00,0.35,0.67,0.00,0.55,0.00,0.21,0.00,0.97,0.98,0.67,0.00,0.00,0.00,0.00,0.99,0.00,0.00,0.00,0.00,0.00,0.00,0.00,0.02,0.00
0.00,0.00,0.00,0.00,0.00,0.10,0.00,0.20,0.51,0.00,0.00,0.00,0.00,0.00,0.00,0.00,0.00,0.00,0.02,0.00,0.00,0.00,0.97,0.00,0.00,0.61,0.00,0.00,0.00,0.00,0.00,0.00,0.00,0.46,0.01,0.09,0.19,0.87,0.00,0.00
0.00,0.00,0.00,0.00,0.11,0.00,0.00,0.00,0.00,0.00,0.00,0.00,0.89,0.00,0.00,0.00,0.00,0.00,0.78,0.00,0.00,0.00,0.98,0.00,0.00,0.00,0.00,0.00,0.00,0.00,0.00,0.00,0.72,0.00,0.00,0.00,0.66,0.00,0.27,0.00
0.97,0.00,0.68,0.00,0.09,0.73,0.00,0.33,0.44,0.00,0.25,0.00,0.00,0.00,0.00,0.00,0.00,0.00,0.00,0.00,0.00,0.00,0.67,0.61,0.00,0.00,0.05,0.21,0.39,0.00,0.89,0.00,0.00,0.00,0.00,0.00,0.78,0.00,0.27,0.00
0.00,0.00,0.00,0.67,0.00,0.95,0.00,0.00,0.00,0.24,0.69,0.00,0.85,0.00,0.00,0.00,0.00,0.00,0.00,0.15,0.85,0.00,0.00,0.00,0.00,0.05,0.00,0.00,0.00,0.00,0.00,0.00,0.00,0.00,0.00,0.00,0.00,0.85,0.00,0.00
0.00,0.00,0.86,0.00,0.46,0.00,0.82,0.00,0.00,0.00,0.35,0.00,0.00,0.00,0.00,0.89,0.00,0.00,0.00,0.00,0.97,0.00,0.00,0.00,0.00,0.21,0.00,0.00,0.00,0.00,0.00,0.00,0.46,0.00,0.00,0.00,0.00,0.69,0.00,0.00
0.00,0.00,0.00,0.09,0.24,0.00,0.00,0.00,0.80,0.73,0.00,0.60,0.00,0.00,0.00,0.00,0.00,0.00,0.00,0.74,0.00,0.00,0.00,0.00,0.00,0.39,0.00,0.00,0.00,0.06,0.60,0.00,0.00,0.00,0.49,0.00,0.00,0.00,0.46,0.00
0.00,0.00,0.09,0.00,0.00,0.98,0.62,0.00,0.00,0.00,0.49,0.00,0.00,0.00,0.00,0.00,0.00,0.04,0.36,0.00,0.00,0.00,0.00,0.00,0.00,0.00,0.00,0.00,0.06,0.00,0.00,0.00,0.00,0.00,0.00,0.19,0.00,0.00,0.00,0.00
0.38,0.00,0.00,0.00,0.00,0.00,0.32,0.78,0.00,0.00,0.00,0.00,0.00,0.00,0.00,0.59,0.91,0.00,0.00,0.00,0.00,0.00,0.99,0.00,0.00,0.89,0.00,0.00,0.60,0.00,0.00,0.49,0.00,0.00,0.00,0.40,0.00,0.00,0.00,0.37
0.00,0.00,0.00,0.00,0.00,0.00,0.42,0.16,0.00,0.00,0.00,0.00,0.00,0.53,0.00,0.55,0.46,0.00,0.00,0.53,0.86,0.70,0.00,0.00,0.00,0.00,0.00,0.00,0.00,0.00,0.49,0.00,0.00,0.00,0.04,0.00,0.00,0.00,0.00,0.00
0.95,0.00,0.18,0.00,0.20,0.00,0.00,0.00,0.00,0.00,0.00,0.00,0.00,0.00,0.94,0.63,0.00,0.00,0.20,0.00,0.00,0.00,0.00,0.00,0.72,0.00,0.00,0.46,0.00,0.00,0.00,0.00,0.00,0.00,0.00,0.00,0.00,0.00,0.26,0.27
0.00,0.06,0.00,0.00,0.00,0.00,0.15,0.02,0.00,0.00,0.00,0.00,0.03,0.00,0.00,0.00,0.13,0.00,0.00,0.58,0.81,0.00,0.00,0.46,0.00,0.00,0.00,0.00,0.00,0.00,0.00,0.00,0.00,0.00,0.53,0.96,0.00,0.00,0.00,0.00
0.62,0.00,0.00,0.00,0.20,0.43,0.00,0.84,0.00,0.00,0.00,0.00,0.00,0.25,0.00,0.00,0.00,0.00,0.00,0.00,0.00,0.00,0.00,0.01,0.00,0.00,0.00,0.00,0.49,0.00,0.00,0.04,0.00,0.53,0.00,0.00,0.00,0.15,0.72,0.65
0.00,0.33,0.00,0.00,0.00,0.00,0.00,0.85,0.00,0.00,0.51,0.00,0.00,0.82,0.37,0.52,0.00,0.55,0.00,0.00,0.00,0.00,0.00,0.09,0.00,0.00,0.00,0.00,0.00,0.19,0.40,0.00,0.00,0.96,0.00,0.00,0.03,0.22,0.00,0.00
0.00,0.00,0.00,0.00,0.00,0.29,0.00,0.00,0.85,0.00,0.00,0.00,0.00,0.00,0.69,0.82,0.00,0.61,0.00,0.10,0.00,0.00,0.00,0.19,0.66,0.78,0.00,0.00,0.00,0.00,0.00,0.00,0.00,0.00,0.00,0.03,0.00,0.00,0.00,0.40
0.47,0.24,0.00,0.03,0.00,0.85,0.91,0.00,0.00,0.49,0.00,0.38,0.00,0.00,0.00,0.00,0.00,0.00,0.00,0.30,0.00,0.00,0.00,0.87,0.00,0.00,0.85,0.69,0.00,0.00,0.00,0.00,0.00,0.00,0.15,0.22,0.00,0.00,0.85,0.00
0.00,0.00,0.00,0.00,0.90,0.40,0.00,0.00,0.00,0.00,0.00,0.00,0.00,0.14,0.00,0.00,0.00,0.00,0.92,0.00,0.00,0.00,0.02,0.00,0.27,0.27,0.00,0.00,0.46,0.00,0.00,0.00,0.26,0.00,0.72,0.00,0.00,0.85,0.00,0.00
0.00,0.00,0.00,0.00,0.00,0.00,0.00,0.00,0.00,0.00,0.00,0.00,0.00,0.00,0.00,0.00,0.00,0.00,0.30,0.00,0.00,0.00,0.00,0.00,0.00,0.00,0.00,0.00,0.00,0.00,0.37,0.00,0.27,0.00,0.65,0.00,0.40,0.00,0.00,0.00
]